815
546 139
177 371
480 421
221 51
426 76
137 332
22 255
411 483
476 424
177 35
433 686
228 10
379 341
268 650
449 697
547 791
112 403
532 31
417 790
619 459
661 318
55 318
29 7
194 59
50 343
249 519
101 81
127 513
487 166
676 484
283 8
779 380
359 563
80 71
234 307
269 121
148 392
36 360
80 93
258 109
741 258
769 509
320 340
349 327
796 56
698 61
402 481
165 127
361 139
237 36
390 139
497 522
7 314
669 86
136 207
494 319
49 369
393 3
383 93
203 32
21 25
18 35
341 271
287 247
126 310
491 564
119 435
226 108
3 15
539 810
487 683
21 9
770 635
168 319
77 157
43 624
55 288
178 475
797 375
581 466
450 590
262 12
240 4
59 730
257 416
114 75
551 739
79 798
430 602
409 400
541 397
393 754
332 660
114 158
99 176
134 127
532 585
331 648
315 621
422 79
558 552
35 300
135 73
491 540
160 106
159 411
13 8
229 587
127 146
163 752
33 20
459 173
670 200
327 116
527 542
774 228
209 164
442 39
23 401
154 51
586 140
197 495
404 434
115 153
306 762
685 180
334 48
391 254
253 99
615 180
1 2
36 584
156 301
45 124
145 250
68 175
159 61
254 760
118 252
13 36
717 162
213 316
552 505
60 232
452 317
227 175
513 721
97 188
45 277
441 655
93 565
393 466
40 47
74 28
716 250
75 76
678 374
66 48
488 673
533 606
333 249
508 38
447 539
145 639
64 182
44 147
722 630
191 175
10 131
734 541
113 496
63 62
386 128
428 45
579 713
44 139
443 339
302 130
464 177
2 699
184 501
330 352
2 3
8 6
90 43
120 206
761 74
511 376
70 64
16 5
795 81
3 22
168 595
432 598
704 12
497 749
17 42
12 56
6 40
26 58
177 431
52 27
124 200
802 346
196 77
623 135
468 37
17 86
11 276
264 313
335 450
503 286
328 432
83 87
479 143
251 199
81 638
72 618
156 679
64 16
266 265
247 148
107 86
184 14
3 27
703 262
670 702
134 143
78 525
192 30
8 9
406 472
362 538
670 775
6 239
446 269
35 51
55 224
690 674
423 134
270 321
182 389
272 183
76 279
5 397
229 709
179 56
273 520
543 525
582 199
83 21
45 150
518 175
91 100
641 193
164 331
460 359
455 26
145 120
52 103
164 49
593 79
561 282
286 329
792 443
568 286
610 246
9 18
44 42
53 169
256 723
151 150
651 75
579 763
235 263
654 211
522 545
576 740
8 17
187 13
636 417
405 627
204 198
92 208
62 412
72 347
201 31
31 16
759 254
461 570
9 50
38 133
142 245
59 61
104 601
3 214
591 43
505 521
466 589
197 527
110 75
330 658
242 223
765 53
333 803
9 78
275 382
15 305
235 729
236 425
554 261
280 569
652 13
280 18
150 181
192 571
329 572
599 446
447 344
53 190
67 61
23 4
112 427
282 640
85 89
634 34
579 377
210 1
287 500
202 555
215 244
189 17
273 24
144 309
767 324
235 246
282 611
172 53
387 360
2 57
325 8
62 71
358 516
594 40
294 484
623 687
413 167
772 184
38 512
212 95
560 710
526 251
1 68
223 179
189 281
209 551
109 65
195 440
718 232
483 550
370 173
556 515
405 117
285 114
348 156
381 150
682 162
94 630
613 501
674 536
742 278
69 77
311 44
14 377
136 18
260 105
523 146
254 122
414 389
180 137
30 17
215 193
691 686
158 294
339 300
553 313
106 270
497 287
743 164
12 7
490 507
260 308
27 32
97 42
61 183
217 120
338 400
668 465
381 448
207 783
657 282
296 279
617 598
91 578
209 346
624 808
37 20
95 264
457 51
574 347
192 567
363 224
542 592
647 473
60 121
76 118
451 100
612 563
149 261
337 254
693 548
58 170
325 398
219 338
488 733
3 633
291 30
339 684
785 70
152 50
11 1
569 635
477 637
172 509
577 541
664 624
109 535
344 153
213 5
84 304
25 199
137 588
19 162
265 187
766 662
143 205
103 317
142 141
294 771
434 667
788 486
54 111
165 167
679 801
72 26
3 536
366 291
486 218
537 112
583 327
16 39
354 45
22 128
18 116
408 37
597 589
678 784
799 509
185 161
425 531
467 363
726 357
436 405
566 266
284 3
345 45
339 357
424 282
46 295
36 99
45 234
434 498
326 396
735 303
68 174
230 45
671 113
2 235
430 70
488 403
228 596
632 261
89 292
628 758
418 246
608 172
60 35
285 402
15 119
52 198
778 658
85 282
616 731
23 81
102 707
743 748
68 156
126 45
127 47
126 229
576 622
626 540
148 61
209 813
659 48
756 143
102 28
530 167
593 757
700 557
353 87
17 55
776 253
41 241
768 682
106 137
2 79
180 303
127 155
7 10
528 146
118 473
6 419
81 278
105 61
271 351
677 291
207 367
129 72
3 19
407 214
115 44
600 319
45 9
380 420
736 700
266 384
773 88
332 444
41 122
233 135
395 39
532 604
218 182
41 6
263 711
85 81
562 815
492 391
39 642
522 666
65 328
158 388
94 113
554 560
15 92
1 5
620 299
625 219
66 675
202 271
10 326
465 327
724 303
66 342
424 609
102 112
231 211
782 206
614 131
213 362
439 317
93 144
28 18
229 485
183 794
355 745
471 129
51 737
220 119
65 37
225 59
108 26
490 362
35 665
534 11
4 312
297 131
706 515
746 462
400 514
49 274
249 143
144 219
781 396
183 482
49 32
358 100
4 6
517 80
628 16
117 113
211 47
253 322
429 362
89 777
469 175
14 2
10 84
69 42
398 499
811 440
240 415
65 132
462 92
95 41
445 458
372 312
75 41
142 236
399 320
376 701
417 362
155 649
320 55
85 298
123 33
214 293
502 15
172 238
355 34
228 376
134 202
437 109
632 644
336 3
172 222
20 26
440 445
216 138
656 317
10 48
131 289
4 2
453 149
225 259
481 750
629 233
299 164
193 111
607 230
575 562
361 375
208 374
456 139
616 96
97 106
159 789
171 653
712 433
34 32
39 178
87 173
562 336
5 168
617 643
256 491
694 139
113 744
680 127
335 478
805 257
374 544
401 404
725 607
438 429
369 646
438 631
715 720
504 92
323 320
82 64
96 27
365 191
31 73
549 340
340 394
645 562
14 688
141 82
463 274
171 268
65 197
474 217
58 663
145 662
219 529
727 630
695 20
411 787
786 97
148 515
163 60
38 17
6 7
672 197
257 245
138 43
356 164
267 117
290 90
714 423
94 83
492 755
70 149
454 174
378 39
124 335
764 248
780 26
161 142
101 364
416 421
118 120
373 307
446 510
728 595
603 267
73 91
186 92
544 751
359 234
95 692
324 251
705 288
557 494
275 92
195 162
304 800
812 299
243 76
693 696
306 64
265 548
81 88
104 94
470 389
375 489
576 177
43 23
453 753
708 655
66 380
